'아무거나'라는 메뉴는 없다	2.5
몰테일과 함께하는 해외직구 따라잡기	2.5
정신병동 이야기	3.5
The Others	4.0
바늘 하나로 할리우드를 접수하다!	2.5
존재의 세 가지 거짓말	3.0
미술관 100% 활용법	2.5
맛에 빠진 록 스타	3.0
악어 프로젝트	3.0
7층	3.5
아무래도 아이는 괜찮습니다	2.0
압구정 다이어리	1.0
연애하지 않을 자유	2.0
난생 처음 한번 공부하는 미술 이야기 	3.0
정키	3.5
아이콘의 탄생	3.0
굴 소년의 우울한 죽음	3.5
제5도살장	2.5
사랑에 관하여	0.5
야성의 부름	4.0
아가씨 가까이	2.5
박쥐	2.5
아가씨 각본	3.5
마약 밀매인	2.5
레버넌트	3.0
선셋 리미티드	3.0
화가의 마지막 그림	3.0
어느 날 내가 죽었습니다	3.0
인형의 집	3.0
노인을 위한 나라는 없다	3.0
맨발의 겐	4.0
길 위에서	2.5
누가 내 치즈를 옮겼을까?	3.0
로드	4.0
월드 트리거	4.5
나의 히어로 아카데미아 	0.5
덕혜옹주	3.0
만화로 보는 그리스 로마 신화	4.5
아이실드21	2.0
이누야샤	4.0
완전판 란마 1/2	4.0
논리야 놀자	3.5
연어	3.0
톨스토이 단편선	4.0
아인	2.0
수학귀신	3.5
그린 랜턴 Green Lantern : 리버스 Rebirth	3.5
젊은 예술가의 초상	0.5
나는 아버지의 친척	2.0
아홉살 인생	3.5
동물농장	4.0
카지노	1.0
브랜드, 행동경제학을 만나다	3.0
Stick 스틱!	3.0
안네의 일기	3.0
디자인이 만든 세상	2.5
사미르, 낯선 서울을 그리다	2.5
유쾌한 이노베이션	2.5
경영학 콘서트	3.0
소비자의 기억을 잡아라	2.5
나음보다 다름	3.0
국화와 칼	1.5
리브 바이 나이트 : 밤에 살다	1.5
승자는 혼자다	2.0
창가의 토토	3.5
맨큐의 경제학	1.0
아세안과 동남아 국가연구	1.0
MIT 수학천재들의 카지노 무너뜨리기	4.5
모파상 단편선	3.5
스무 살, 도쿄	3.5
면장 선거	3.5
인 더 풀	3.5
걸	3.0
공중그네	3.5
누가 내 치즈를 잘랐을까	3.0
미애와 루이, 318일간의 버스여행	3.5
브리다	0.5
안나 카레니나	2.5
멋진 신세계	4.0
데스 큐어	2.0
스코치 트라이얼	2.5
메이즈 러너	3.5
The Dress: 100 Iconic Moments in Fashion	4.5
파일럿 피시	2.0
패션의 탄생	4.0
The Trench	3.5
19세	0.5
이준구 교수의 인간의 경제학	3.0
속 빙점	3.0
빙점	3.5
세일즈맨의 죽음	3.5
정확한 사랑의 실험	5.0
죽은 경제학자의 살아있는 아이디어	3.5
배트맨 허쉬	2.0
그린 랜턴 Green Lantern : 시크릿 오리진 Secret Origin	3.0
아이덴티티 크라이시스	4.5
The Art of Mad Max : Fury Road	5.0